13
57.0 103.75 13.540550005146152
56.0 29.66666666662786 13.110581167104948
269.9259259259561 109.07407407404389 10.155412503859614
10.0 103.0 8.95623198216277
265.296296296292 163.70370370370802 10.155412503859614
58.66666666662786 82.0 13.110581167104948
15.5 27.0 8.291859587312052
124.4023904382484 94.64541832671966 30.96367835360614
162.29850746272132 101.37313432840165 15.99753570059363
119.78571428568102 29.75 14.625465582862905
166.0 176.5 8.291859587312052
167.94642857147846 157.375 14.625465582862905
123.0 10.0 7.569397566060481
28
0 9.960111461230554 105.49968176067341 54.30437178723514 106.20730293611996
0 10.039888538769446 100.50031823932659 54.38414886477403 101.20793941477314
1 59.72888599685393 100.85868298169225 60.945323319523595 84.98417591990437
1 54.74350142409094 100.4766611752566 55.959938746877015 84.60215411346871
2 60.39819756243378 105.81368268188089 108.87957960786298 99.26491342310328
2 59.72888599685393 100.85868298169225 108.21026804228313 94.30991372291464
3 53.64624300634023 32.60033864132129 56.00763478199951 78.94265223911498
3 58.63976448390167 32.345891687087715 61.00115625956096 78.6882052848814
4 15.33574661205057 29.49459832930006 53.03172874019947 31.97663830476813
4 15.66425338794943 24.50540167069994 53.36023551609833 26.98744164616801
5 58.63080724317115 32.17010583833326 116.84657474351116 32.24616227229126
5 58.63733952573966 27.170110105420463 116.85310702607967 27.24616653926205
6 165.08406589424703 104.07883756957017 269.7475024788873 111.56769896030892
6 165.4409127883846 99.09158779704012 270.1043493730249 106.58044918777887
7 170.78089006897062 160.56560075981542 265.10167746513616 166.6973842997104
7 171.17012773128226 154.57823956769425 265.4909151274478 160.71002310770564
8 61.325698551372625 85.05734776088502 108.92335601930972 94.21359120844863
8 62.270218806690536 80.14737001282629 109.86787627462763 89.3036134603899
9 139.7205263194628 99.90394512971397 158.6052892145235 103.25656622892711
9 140.594512833748 94.98092293040827 159.47927572880872 98.33354402973782
10 117.48273725097533 32.60831376421265 121.67767286207527 91.57543477206491
10 122.47013273660559 32.25350921251811 126.66506834782194 91.22063022037037
11 160.14297485467978 104.91444142174441 165.1119670739863 154.18439924018458
11 165.11773919663392 104.41272462706547 170.08673141594045 153.68268244550563
12 122.72485382796731 27.253837727708742 125.46753462939523 10.401587914326228
12 117.78978456917685 26.450661899056286 120.53246537060477 9.598412085673772
13 168.48715227667708 176.7531275426736 170.12038042326458 160.7055372222094
13 163.51284772332292 176.2468724573264 165.14607586991042 160.19928213686217
