39
0 24 0 1
0 236.16527542006224 -99.13273085444234 255.44359907344915 -100.17314832145348 5.0
1 0 29 1
0 261.6302376597887 -95.49975426704623 269.4706721473485 -35.804138467414305 5.0
2 15 0 1
0 250.92314868338872 -131.05299879529048 260.210938685108 -101.68062071828172 5.0
3 18 1 1
0 255.72619883774314 -430.1818747858051 267.1615022436017 -401.3688571918756 5.0
4 1 19 1
0 272.18277872749604 -392.2007102279458 294.89278287638444 -365.0948412385769 5.0
5 27 1 1
0 232.93507991870865 -297.4025078631239 262.85052489174996 -388.27381111716386 5.0
6 2 20 1
0 325.3236829281086 -463.81958972860593 332.49594367144164 -465.1289787085261 5.0
7 2 26 1
0 322.05271733470727 -454.3332042116672 332.44712212402374 -414.98838681390043 5.0
8 14 2 1
0 298.40085878258105 -473.9242449165322 312.60134947218467 -466.2559144588886 6.0
9 3 14 1
0 270.747929846053 -463.70023062161636 275.0142675373936 -466.1688454330433 5.0
10 33 4 1
0 281.21929613291286 -511.9113376303576 333.9310805691639 -529.2388090287568 5.0
11 5 4 1
0 341.7166103735799 -512.4631998209516 344.5290523383301 -527.4593695624499 7.0
12 4 12 1
0 363.7689194311388 -533.7839182439493 434.86940794461407 -532.6985724136466 5.0
13 5 35 1
0 351.1971181019908 -506.9021040118532 366.62723690923303 -504.86485430714674 5.0
14 20 5 1
0 334.5966795878485 -467.95816319203004 339.5159110069508 -499.6465803021565 7.0
15 21 5 1
0 -4596.417547958437 -1272.8601303439355 -4590.7761338170385 -1307.5621505460003 9999.0
16 14 5 1
0 309.8798618155997 -487.12480318476446 336.648009554483 -503.7512467538472 5.0
17 27 6 1
0 237.68434310611337 -295.8390184395248 298.92540685553104 -299.77407579054125 5.0
18 10 7 1
0 343.9991538428003 -371.67101516365074 465.58715608285274 -187.2625102440361 5.0
19 17 8 1
0 165.5148014118895 -174.9879327614326 201.10334829450585 -142.78191712952685 5.0
20 8 11 1
0 203.0264826976927 -141.04156799823977 206.3411320844898 -159.08799243718386 5.0
21 8 15 1
0 211.88452180789318 -138.27345685299952 243.97096896369476 -136.4550225950079 5.0
22 9 17 1
0 125.29742839781102 -189.66000708087813 163.83121148194186 -175.99298905185424 5.0
23 28 9 1
0 59.58408713073004 -195.5707832054468 119.01431166019756 -191.09186554676853 5.0
24 9 13 1
0 119.06484998122323 -191.87055467756 122.30524872767273 -241.7982774678385 5.0
25 10 25 1
0 343.16756206622813 -376.6013757099863 375.18420411180705 -382.0015439095441 5.0
26 26 10 1
0 333.73646356817335 -409.85071079060435 341.61523275543004 -376.6743057179265 5.0
27 18 14 1
0 252.9211681020679 -437.24958406039514 275.66199864959344 -459.9851333901752 5.0
28 30 15 1
0 232.0066617729608 -247.15097221767064 249.4308398150606 -137.20811908051837 5.0
29 29 16 1
0 269.4706721473485 -35.804138467414305 286.74819924740586 -11.446387632982805 5.0
30 37 18 1
0 236.6105767316185 -476.5909500219859 252.88069553498644 -437.20912089245394 5.0
31 20 21 1
0 -4626.654372237972 -1057.3902436180506 -4625.799533528276 -1064.5354049083544 9999.0
32 20 23 1
0 341.5138286543079 -466.88436209619977 378.7942971700104 -474.58468237530906 5.0
33 26 22 1
0 332.80777136899997 -414.7641478512669 378.80339720332995 -424.0865443771472 5.0
34 30 27 1
0 226.84877672605217 -252.78369081381243 231.31637612218037 -290.4195321924053 5.0
35 34 28 1
0 58.79984413320199 -227.16427976323757 59.147454634774476 -196.03632000356447 5.0
36 36 28 1
0 9.91722588648554 -194.23499294975773 53.9856994941365 -195.69488490652293 5.0
37 31 28 1
0 53.8001330178231 -156.66215261351317 54.150662180851214 -190.64086663874332 5.0
38 30 32 1
0 232.4978305704426 -252.12678905623034 273.04558439878747 -248.1242720556911 5.0
