14
0 0 1 1
0 58.73106011853088 -106.92688588157762 107.45426792558283 -100.2122868221486 5.0
1 3 0 1
0 9.930228271055967 -106.09902619151399 52.71664804255124 -107.29360450070817 5.0
2 0 10 1
0 58.04845608479809 -101.97369986306876 58.97379282023758 -86.71528265369125 5.0
3 4 1 1
0 114.32029292429797 -34.263325864914805 119.86105854285415 -91.51240385952406 5.0
4 1 7 1
0 125.6714824869996 -99.64458538778126 151.27656684443355 -104.1582161707338 7.0
5 10 1 1
0 59.24082680651918 -86.76301469223108 106.77166389185004 -95.25910080387257 5.0
6 2 6 1
0 165.85962041723542 -176.80958465021104 167.16085791413207 -161.3426025848603 5.0
7 5 4 1
0 57.6129614894744 -33.191446986980736 113.58282648364548 -33.72698372544255 5.0
8 4 12 1
0 119.49884320772253 -28.783361101988703 122.63278799469117 -10.420589555986226 5.0
9 5 10 1
0 52.62059078854509 -33.518469611997716 54.05601529870182 -80.75698530790396 5.0
10 11 5 1
0 13.7975663311081 -30.093053330667317 52.07941276358906 -32.95283398858737 5.0
11 7 6 1
0 158.89402969623916 -106.71582643617876 162.20198299409822 -155.91746305301785 5.0
12 6 9 1
0 167.56934186990838 -161.2135714297183 260.948350825347 -166.23924422834534 5.0
13 7 8 1
0 170.58649260294624 -105.50338010548148 265.1946876186412 -112.09395603288431 5.0
