38
0 258.80000000004657 -97.85064935067203 0 1 2
1 267.3806451613782 -394.0395894427784 3 4 5
2 317.9860465116799 -459.9386892177863 6 7 8
3 272.0 -461.53636363637634 9
4 348.85000000009313 -531.511363636353 10 11 12
5 343.9414141414454 -505.33838383841794 11 13 14 15 16
6 299.0857142857276 -297.27922077919357 17
7 463.5 -185.88636363635305 18
8 204.67500000004657 -136.17803030298091 19 20 21
9 121.34545454545878 -188.40909090905916 22 23 24
10 339.80000000004657 -373.49806576396804 18 25 26
11 208.80000000004657 -158.63636363635305 20
12 434.83125000004657 -530.198863636353 12
13 124.80000000004657 -241.63636363635305 24
14 292.7709302325966 -473.5549682874698 8 9 16 27
15 247.44705882354174 -133.7540106951492 2 21 28
16 284.7090909091057 -10.0 29
17 163.46666666667443 -173.4696969697252 19 22
18 252.0 -432.7935064934427 3 27 30
19 292.9764705882408 -363.4893048128579 4
20 337.44516129035037 -463.49120234604925 6 14 31 32
21 338.30000000004657 -470.63636363635305 15 31
22 379.30000000004657 -421.63636363635305 33
23 379.30000000004657 -472.13636363635305 32
24 236.30000000004657 -96.63636363635305 0
25 375.60000000009313 -379.53636363637634 25
26 330.7069767442299 -411.7875264270697 7 26 33
27 234.1529411765514 -293.106951871654 5 17 34
28 56.67804878053721 -193.28270509978756 23 35 36 37
29 267.0727272727527 -34.86363636364695 1 29
30 229.0307692307979 -249.95687645685393 28 34 38
31 56.300000000046566 -156.63636363635305 37
32 272.80000000004657 -245.63636363635305 38
33 282.0 -509.53636363637634 10
34 56.300000000046566 -227.13636363635305 35
35 366.30000000004657 -502.38636363635305 13
36 10.0 -191.73636363632977 36
37 234.30000000004657 -475.63636363635305 30
